Version 1.0.0
sample1.jpg:3 R:4 544 565 761 565 761 640 544 640 0 "Godendo" R:4 882 486 991 486 991 561 882 561 0 "(LI)" R:4 537 393 921 393 921 471 537 471 0 "Datacoptipovki" 
sample2.jpg:2 R:4 348 736 571 736 571 808 348 808 0 "Godendo" R:4 333 550 722 550 722 638 333 638 0 "Datacoptipovki" 
sample3.jpg:3 R:4 598 409 827 409 827 491 598 491 0 "Godendo" R:4 1011 269 1126 269 1126 356 1011 356 0 "(LI)" R:4 573 208 967 208 967 318 573 318 0 "Datacoptipovki" 
sample4.jpg:2 R:4 417 322 640 322 640 404 417 404 0 "Godendo" R:4 392 133 778 133 778 236 392 236 0 "Datacoptipovki" 
sample5.jpg:2 R:4 453 572 564 572 564 647 453 647 0 "(OK)" R:4 125 497 505 497 505 565 125 565 0 "Datacoptipovki" 
sample6.jpg:2 R:4 336 460 560 460 560 543 336 543 0 "Godendo" R:4 309 258 694 258 694 379 309 379 0 "Datacoptipovki" 
sample7.jpg:3 R:4 429 269 649 269 649 342 429 342 0 "Godendo" R:4 759 152 868 152 868 231 759 231 0 "(LI)" R:4 408 78 788 78 788 174 408 174 0 "Datacoptipovki" 
sample8.jpg:3 R:4 269 537 491 537 491 611 269 611 0 "Godendo" R:4 679 431 790 431 790 512 679 512 0 "(LI)" R:4 256 365 643 365 643 438 256 438 0 "Datacoptipovki" 
sample9.jpg:3 R:4 269 537 491 537 491 611 269 611 0 "Godendo" R:4 679 431 790 431 790 512 679 512 0 "(LI)" R:4 256 365 643 365 643 438 256 438 0 "Datacoptipovki" 
sample10.jpg:3 R:4 358 647 576 647 576 718 358 718 0 "Godendo" R:4 695 547 805 547 805 623 695 623 0 "(LI)" R:4 345 469 730 469 730 546 345 546 0 "Datacoptipovki" 
sample11.jpg:3 R:4 485 389 710 389 710 462 485 462 0 "Godendo" R:4 832 278 945 278 945 359 832 359 0 "(LI)" R:4 471 201 867 201 867 286 471 286 0 "Datacoptipovki" 
sample12.jpg:2 R:4 453 572 564 572 564 647 453 647 0 "(OK)" R:4 125 497 505 497 505 565 125 565 0 "Datacoptipovki" 
sample13.jpg:0 
sample14.jpg:2 R:4 348 736 571 736 571 808 348 808 0 "Godendo" R:4 333 550 722 550 722 638 333 638 0 "Datacoptipovki" 
